0
154.205
153.389
158.925
159.968
161.009
161.529
161.969
163.714
164.76
161.77
158.7
158.7
146.072
144.947
141.193
136.608
134.064
127.969
125.927
126.466
123.97
117.409
118.974
113.307
113.982
113.982
110.997
105.819
111.489
111.489
107.971
99.689
104.034
104.034
97.8205
101.558
105.273
100.323
100.323
100.691
107.757
109
110.251
116.477
115.378
122.721
126.466
124.989
126.738
132.294
135.537
136.121
138.76
143.585
142.563
146.788
146.533
146.533
146.533
109.394
155.257
154.576
157.222
159.968
161.009
160.302
163.308
164.093
164.75
162.677
156.849
151.815
147.041
142.272
140.907
137.871
132.294
127.428
124.389
126.112
122.721
118.974
117.726
116.477
114.674
113.982
109.123
109.296
110.244
104.011
106.514
106.514
104.034
102.854
98.8145
96.7728
96.7728
102.795
100.667
104.143
98.9143
110.244
111.489
111.244
114.388
120.456
122.639
125.804
128.51
131.659
132.179
136.405
139.036
142.525
143.103
146.255
149.017
150.608
150.75
106.263
155.721
156.685
158.402
159.968
161.009
162.377
72.0074
162.287
163.318
64.6012
157.353
152.994
148.145
144.047
139.834
136.935
132.294
127.969
125.828
126.224
125.218
118.974
118.974
112.84
115.149
112.735
110.309
110.244
109
109
107.757
105.273
106.514
105.273
104.034
102.795
92.5478
100.323
101.558
102.795
106.514
106.33
110.244
